output : affine transformed triangle data 
[0] /  [3.0 , 4.41]   [5.12 , 6.54]   [2.29 , 9.36]   
[1] /  [2.29 , 6.54]   [2.29 , 9.36]   [5.12 , 9.36]   
[2] /  [-0.54 , 9.36]   [0.17 , 10.07]   [-1.24 , 11.49]   
[3] /  [3.71 , 6.54]   [3.0 , 8.66]   [4.41 , 10.07]   
[4] /  [0.88 , 7.95]   [5.12 , 7.95]   [1.59 , 11.49]   
[5] /  [5.12 , 9.36]   [3.71 , 12.19]   [4.41 , 7.24]   
[6] /  [2.29 , 7.95]   [3.71 , 13.61]   [4.41 , 14.31]   
[7] /  [1.59 , 12.9]   [7.95 , 10.78]   [3.0 , 10.07]   
[8] /  [1.59 , 8.66]   [5.12 , 10.78]   [7.24 , 11.49]   
[9] /  [5.12 , 10.78]   [4.41 , 8.66]   [3.0 , 10.07]   
